0.0
1.0
0.1
1.5432100000000002
0.2
2.18752
0.30000000000000004
2.95963
0.4
3.89344
0.5
5.03125
0.6000000000000001
6.424960000000001
0.7000000000000001
8.137270000000001
0.8
10.24288
0.9
12.82969
1.0
16.0
1.1
19.871710000000004
1.2000000000000002
24.579520000000013
1.3
30.27613
1.4000000000000001
37.133440000000014
1.5
45.34375
1.6
55.12096000000002
1.7000000000000002
66.70177000000002
1.8
80.34688
1.9000000000000001
96.34219000000002
2.0
115.0
2.1
136.66021
2.2
161.69152000000005
2.3000000000000003
190.49263000000008
2.4000000000000004
223.49344000000013
2.5
261.15625
2.6
303.97696
2.7
352.4862700000001
2.8000000000000003
407.2508800000002
2.9000000000000004
468.8746900000002
3.0
538.0
3.1
615.3087100000001
3.2
701.5235200000002
3.3000000000000003
797.4091300000003
3.4000000000000004
903.7734400000004
3.5
1021.46875
3.6
1151.3929600000001
3.7
1294.4907700000006
3.8000000000000003
1451.7548800000004
3.9000000000000004
1624.227190000001
4.0
1813.0
4.1000000000000005
2019.2172100000012
4.2
2244.075520000001
4.3
2488.82563
4.4
2754.773440000001
4.5
3043.28125
4.6000000000000005
3355.7689600000017
4.7
3693.7152700000006
4.800000000000001
4058.6588800000027
4.9
4452.199690000001
5.0
4876.0
5.1000000000000005
5331.785710000003
5.2
5821.347520000002
5.300000000000001
6346.542130000004
5.4
6909.293440000002
5.5
7511.59375
5.6000000000000005
8155.504960000004
5.7
8843.159770000002
5.800000000000001
9576.762880000006
5.9
10358.592190000003
6.0
11191.0
6.1000000000000005
12076.414210000004
6.2
13017.33952
6.300000000000001
14016.358630000008
6.4
15076.133440000003
6.5
16199.40625
6.6000000000000005
17389.00096000001
6.7
18647.824270000005
6.800000000000001
19978.86688000001
6.9
21385.204690000002
7.0
22870.0
7.1000000000000005
24436.502710000008
7.2
26088.05152
7.300000000000001
27828.075130000016
7.4
29660.093440000008
7.5
31587.71875
7.6000000000000005
33614.656960000015
7.7
35744.708770000005
7.800000000000001
37981.77088000002
7.9
40329.83719000001
8.0
42793.0
8.1
45375.45120999999
8.200000000000001
48081.48352000002
8.3
50915.49163000001
8.4
53881.97344000001
8.5
56985.53125
8.6
60230.87295999999
8.700000000000001
63622.81327000004
8.8
67166.27488000004
8.9
70866.28969
9.0
74728.0
9.1
78756.65970999998
9.200000000000001
82957.63552000005
9.3
87336.40813000004
9.4
91898.57344000001
9.5
96649.84375
9.600000000000001
101596.04896000007
9.700000000000001
106743.13777000007
9.8
112097.17888000004
9.9
117664.36219000001
10.0
123451.0
10.100000000000001
129463.52821000009
10.200000000000001
135708.50752000007
10.3
142192.62463000003
10.4
148922.69344000003
10.5
155905.65625
10.600000000000001
163148.5849600001
10.700000000000001
170658.68227000005
10.8
178443.28288000004
10.9
186509.85469000004
11.0
194866.0
11.100000000000001
203519.45671000011
11.200000000000001
212478.0995200001
11.3
221749.94113000005
11.4
231343.13344000006
11.5
241265.96875
11.600000000000001
251526.88096000016
11.700000000000001
262134.44677000013
11.8
273097.3868800001
11.9
284424.56719000003
12.0
296125.0
12.100000000000001
308207.84521000023
12.200000000000001
320682.41152000014
12.3
333558.1576300001
12.4
346844.69344000006
12.5
360551.78125
12.600000000000001
374689.3369600002
12.700000000000001
389267.4312700002
12.8
404296.2908800001
12.9
419786.2996900001
13.0
435748.0
13.100000000000001
452192.0937100002
13.200000000000001
469129.44352000015
13.3
486571.0741300001
13.4
504528.17344000016
13.5
523012.09375
13.600000000000001
542034.3529600003
13.700000000000001
561606.6357700002
13.8
581740.7948800002
13.9
602448.8521900001
14.0
623743.0
14.100000000000001
645635.6022100004
14.200000000000001
668139.1955200003
14.3
691266.4906300001
14.4
715030.37344
14.5
739443.90625
14.600000000000001
764520.3289600003
14.700000000000001
790273.0602700004
14.8
816715.6988800002
14.9
843862.02469
15.0
871726.0
15.100000000000001
900321.7707100004
15.200000000000001
929663.6675200004
15.3
959766.2071300001
15.4
990644.09344
15.5
1022312.21875
15.600000000000001
1054785.6649600004
15.700000000000001
1088079.7047700004
15.8
1122209.80288
15.9
1157191.6171900001
16.0
1193041.0
16.1
1229773.9992100005
16.2
1267406.8595199997
16.3
1305956.0236300004
16.400000000000002
1345438.1334400007
16.5
1385870.03125
16.6
1427268.7609600006
16.7
1469651.5692699996
16.8
1513035.9068800001
16.900000000000002
1557439.4296900008
17.0
1602880.0
17.1
1649375.6877100007
17.2
1696944.7715199995
17.3
1745605.7401300005
17.400000000000002
1795377.2934400009
17.5
1846278.34375
17.6
1898328.0169600006
17.7
1951545.6537699997
17.8
2005950.8108800005
17.900000000000002
2061563.262190001
18.0
2118403.0
